Correct: 8801
Incorrect: 1199

Hit rate: 0.8801

Confusion matrix:

       0    1     2    3    4    5    6    7    8    9
    0 [965, 1,    1,   0,   0,   1,   6,   0,   5,   1]
    1 [0,   1116, 1,   2,   0,   0,   4,   0,   10,  2]
    2 [14,  18,   869, 49,  3,   14,  27,  17,  19,  2]
    3 [6,   3,    16,  912, 0,   23,  8,   13,  8,   21]
    4 [1,   1,    3,   1,   829, 2,   20,  2,   3,   120]
    5 [17,  6,    4,   57,  12,  701, 24,  5,   19,  47]
    6 [8,   3,    3,   1,   4,   19,  916, 0,   4,   0]
    7 [5,   20,   32,  15,  10,  3,   3,   798, 6,   136]
    8 [4,   12,   10,  87,  13,  23,  12,  10,  752, 51]
    9 [6,   6,    1,   16,  16,  1,   8,   5,   7,   943]
