Correct: 7994
Incorrect: 2006

Hit rate: 0.7994

Confusion matrix:

       0    1     2    3    4    5    6    7    8    9
    0 [865, 1,    28,  27,  2,   19,  13,  1,   20,  4]
    1 [0,   1048, 0,   3,   5,   10,  2,   10,  56,  1]
    2 [9,   50,   691, 35,  21,  5,   94,  28,  78,  21]
    3 [3,   4,    29,  801, 5,   47,  8,   15,  71,  27]
    4 [11,  2,    7,   12,  829, 15,  14,  6,   19,  67]
    5 [18,  10,   4,   179, 14,  567, 19,  15,  33,  33]
    6 [34,  18,   14,  7,   19,  34,  820, 0,   9,   3]
    7 [8,   3,    6,   29,  11,  3,   1,   848, 16,  103]
    8 [4,   21,   2,   41,  25,  40,  15,  9,   766, 51]
    9 [26,  1,    6,   45,  131, 12,  1,   14,  14,  759]
