Correct: 8227
Incorrect: 1773

Hit rate: 0.8227

Confusion matrix:

       0    1     2    3    4    5    6    7    8    9
    0 [936, 0,    4,   2,   0,   1,   23,  1,   10,  3]
    1 [0,   1028, 0,   18,  1,   2,   4,   0,   79,  3]
    2 [4,   23,   660, 187, 7,   10,  54,  5,   70,  12]
    3 [4,   0,    6,   943, 3,   5,   8,   6,   21,  14]
    4 [3,   0,    2,   2,   810, 4,   35,  0,   10,  116]
    5 [11,  1,    4,   153, 16,  483, 49,  8,   107, 60]
    6 [4,   3,    2,   1,   2,   12,  927, 0,   5,   2]
    7 [6,   7,    15,  34,  30,  7,   3,   785, 28,  113]
    8 [6,   5,    3,   106, 34,  8,   30,  2,   743, 37]
    9 [4,   2,    7,   20,  17,  7,   13,  10,  17,  912]
